Black Sabbath - Paranoid
340 82 1 82 1 82 1 82 1 82 1 82 1 82 1 82 1 82 1 82 1 82 1 82 1 82 1 82 1 82 1 82 1 73 1 73 1 73 1 73 1 73 1 73 1 73 1 73 1 98 1 73 3 82 1

Black Sabbath - Iron Man
300 124 3 0 1 147 3 0 1 147 2 165 1 0 1 165 1 0 3 196 1 185 1 196 1 185 1 196 1 185 1 147 1 0 1 147 2 165 1 0 1 165 2

Deep Purple - Smoke On The Water (full riff)
200 165 1 0 1 196 1 0 1 220 2 0 1 165 1 0 1 196 1 0 1 233 1 220 2 0 2 165 1 0 1 196 1 0 1 220 3 196 1 0 1 165 5

Deep Purple - Smoke On The Water (first half of riff)
200 165 1 0 1 196 1 0 1 220 2 0 1 165 1 0 1 196 1 0 1 233 1 220 2

Metallica - For Whom The Bell Tolls
450 587 2 554 2 523 2 494 3 0 1 494 2 392 2 370 2 392 2 294 2 277 2
